A = [2, -1, 0;
     -1, 2, -1;
     0, -1, 2];
     
B = [30; 0; 100];

X = A\B
